1714445414361 100.0 100
1714445726300 101.0 101
1714446040571 102.0 102
1714446351076 103.0 103
1714446664765 104.0 104
1714446978799 105.0 105
1714447297317 106.0 106
1714447610748 107.0 107
1714447913475 108.0 108
1714448216313 109.0 109
1714448519622 110.0 110
1714448815181 111.0 111
1714449107833 112.0 112
1714449403918 113.0 113
1714449699315 114.0 114
1714450003375 115.0 115
1714450306099 116.0 116
1714450605650 117.0 117
1714450904108 118.0 118
1714451196854 119.0 119
1714451489571 120.0 120
1714451779157 121.0 121
1714452069648 122.0 122
1714452365004 123.0 123
1714452659326 124.0 124
1714452958274 125.0 125
1714453255867 126.0 126
1714453554152 127.0 127
1714453847040 128.0 128
1714454143935 129.0 129
1714454441975 130.0 130
1714454741190 131.0 131
1714455032401 132.0 132
1714455330665 133.0 133
1714455627910 134.0 134
1714455926893 135.0 135
1714456226815 136.0 136
1714456521955 137.0 137
1714456816671 138.0 138
1714457113936 139.0 139
1714457406229 140.0 140
1714457698526 141.0 141
1714457985827 142.0 142
1714458276129 143.0 143
1714458569089 144.0 144
1714458867557 145.0 145
1714459166925 146.0 146
1714459468110 147.0 147
1714459770445 148.0 148
1714460070580 149.0 149
1714460372345 150.0 150
1714460675407 151.0 151
1714460976561 152.0 152
1714461276875 153.0 153
1714461579852 154.0 154
1714461883622 155.0 155
1714462191291 156.0 156
1714462496101 157.0 157
1714462804014 158.0 158
1714463106983 159.0 159
1714463416176 160.0 160
1714463729439 161.0 161
1714464032178 162.0 162
1714464328234 163.0 163
1714464623826 164.0 164
1714464916577 165.0 165
1714465208126 166.0 166
1714465511086 167.0 167
1714465808882 168.0 168
1714466110705 169.0 169
1714466411746 170.0 170
1714466711561 171.0 171
1714467015932 172.0 172
1714467321128 173.0 173
1714467627699 174.0 174
1714467931350 175.0 175
1714468239624 176.0 176
1714468544028 177.0 177
1714468847568 178.0 178
1714469152192 179.0 179
1714469459374 180.0 180
1714469769911 181.0 181
1714470075119 182.0 182
1714470380810 183.0 183
1714470685558 184.0 184
1714470988357 185.0 185
1714471294541 186.0 186
1714471599525 187.0 187
1714471900590 188.0 188
1714472200595 189.0 189
1714472507921 190.0 190
1714472823010 191.0 191
1714473123086 192.0 192
1714473421745 193.0 193
1714473728926 194.0 194
1714474027071 195.0 195
1714474332001 196.0 196
1714474635366 197.0 197
1714474950126 198.0 198
1714475246418 199.0 199
1714475541796 200.0 200
1714475833654 201.0 201
1714476131484 202.0 202
1714476431544 203.0 203
1714476729782 204.0 204
1714477034279 205.0 205
1714477323992 206.0 206
1714477617150 207.0 207
1714477908639 208.0 208
1714478199339 209.0 209
1714478490099 210.0 210
