1714445414432 6974308.0 100
1714445726562 6974308.0 101
1714446040659 6974308.0 102
1714446351193 6974308.0 103
1714446664810 6974308.0 104
1714446978876 6974308.0 105
1714447297361 6974308.0 106
1714447610821 6974308.0 107
1714447913538 6974308.0 108
1714448216393 6974308.0 109
1714448519750 6974308.0 110
1714448815279 6974308.0 111
1714449107925 6974308.0 112
1714449403997 6974308.0 113
1714449699493 6974308.0 114
1714450003560 6974308.0 115
1714450306170 6974308.0 116
1714450605721 6974308.0 117
1714450904166 6974308.0 118
1714451196941 6974308.0 119
1714451489647 6974308.0 120
1714451779197 6974308.0 121
1714452069739 6974308.0 122
1714452365074 6974308.0 123
1714452659474 6974308.0 124
1714452958402 6974308.0 125
1714453255932 6974308.0 126
1714453554399 6974308.0 127
1714453847309 6974308.0 128
1714454143979 6974308.0 129
1714454442058 6974308.0 130
1714454741326 6974308.0 131
1714455032458 6974308.0 132
1714455330724 6974308.0 133
1714455628118 6974308.0 134
1714455926964 6974308.0 135
1714456226899 6974308.0 136
1714456522124 6974308.0 137
1714456816769 6974308.0 138
1714457114095 6974308.0 139
1714457406306 6974308.0 140
1714457698655 6974308.0 141
1714457985887 6974308.0 142
1714458276341 6974308.0 143
1714458569236 6974308.0 144
1714458867734 6974308.0 145
1714459166971 6974308.0 146
1714459468224 6974308.0 147
1714459770775 6974308.0 148
1714460070672 6974308.0 149
1714460372440 6974308.0 150
1714460675573 6974308.0 151
1714460976668 6974308.0 152
1714461276954 6974308.0 153
1714461579913 6974308.0 154
1714461883827 6974308.0 155
1714462191333 6974308.0 156
1714462496247 6974308.0 157
1714462804167 6974308.0 158
1714463107095 6974308.0 159
1714463416214 6974308.0 160
1714463729498 6974308.0 161
1714464032263 6974308.0 162
1714464328292 6974308.0 163
1714464623883 6974308.0 164
1714464916786 6974308.0 165
1714465208533 6974308.0 166
1714465511231 6974308.0 167
1714465809029 6974308.0 168
1714466110731 6974308.0 169
1714466411909 6974308.0 170
1714466711745 6974308.0 171
1714467016201 6974308.0 172
1714467321437 6974308.0 173
1714467627863 6974308.0 174
1714467931399 6974308.0 175
1714468239937 6974308.0 176
1714468544097 6974308.0 177
1714468847695 6974308.0 178
1714469152319 6974308.0 179
1714469459509 6974308.0 180
1714469769974 6974308.0 181
1714470075159 6974308.0 182
1714470380919 6974308.0 183
1714470685609 6974308.0 184
1714470988730 6974308.0 185
1714471294836 6974308.0 186
1714471599626 6974308.0 187
1714471900821 6974308.0 188
1714472200621 6974308.0 189
1714472508020 6974308.0 190
1714472823210 6974308.0 191
1714473123327 6974308.0 192
1714473421834 6974308.0 193
1714473729029 6974308.0 194
1714474027126 6974308.0 195
1714474332068 6974308.0 196
1714474635436 6974308.0 197
1714474950189 6974308.0 198
1714475246539 6974308.0 199
1714475541865 6974308.0 200
1714475833741 6974308.0 201
1714476131644 6974308.0 202
1714476431735 6974308.0 203
1714476729920 6974308.0 204
1714477034413 6974308.0 205
1714477324207 6974308.0 206
1714477617238 6974308.0 207
1714477908929 6974308.0 208
1714478199686 6974308.0 209
1714478490195 6974308.0 210
