1714445413877 9.999999999999816e-06 100
1714445725762 9.999999999999816e-06 101
1714446040116 9.999999999999816e-06 102
1714446350382 9.999999999999816e-06 103
1714446664251 9.999999999999816e-06 104
1714446978439 9.999999999999816e-06 105
1714447296884 9.999999999999816e-06 106
1714447609929 9.999999999999816e-06 107
1714447912892 9.999999999999816e-06 108
1714448215930 9.999999999999816e-06 109
1714448519090 9.999999999999816e-06 110
1714448814393 9.999999999999816e-06 111
1714449107036 9.999999999999816e-06 112
1714449403240 9.999999999999816e-06 113
1714449698961 9.999999999999816e-06 114
1714450002154 9.999999999999816e-06 115
1714450305726 9.999999999999816e-06 116
1714450605029 9.999999999999816e-06 117
1714450903706 9.999999999999816e-06 118
1714451196052 9.999999999999816e-06 119
1714451488796 9.999999999999816e-06 120
1714451778625 9.999999999999816e-06 121
1714452068899 9.999999999999816e-06 122
1714452364597 9.999999999999816e-06 123
1714452659000 9.999999999999816e-06 124
1714452957860 9.999999999999816e-06 125
1714453255459 9.999999999999816e-06 126
1714453553366 9.999999999999816e-06 127
1714453846326 9.999999999999816e-06 128
1714454143594 9.999999999999816e-06 129
1714454440729 9.999999999999816e-06 130
1714454740619 9.999999999999816e-06 131
1714455031771 9.999999999999816e-06 132
1714455330038 9.999999999999816e-06 133
1714455627609 9.999999999999816e-06 134
1714455926468 9.999999999999816e-06 135
1714456225916 9.999999999999816e-06 136
1714456520889 9.999999999999816e-06 137
1714456816218 9.999999999999816e-06 138
1714457113458 9.999999999999816e-06 139
1714457405644 9.999999999999816e-06 140
1714457698106 9.999999999999816e-06 141
1714457985158 9.999999999999816e-06 142
1714458275494 9.999999999999816e-06 143
1714458568116 9.999999999999816e-06 144
1714458866930 9.999999999999816e-06 145
1714459166157 9.999999999999816e-06 146
1714459467275 9.999999999999816e-06 147
1714459769510 9.999999999999816e-06 148
1714460070174 9.999999999999816e-06 149
1714460371189 9.999999999999816e-06 150
1714460674576 9.999999999999816e-06 151
1714460976020 9.999999999999816e-06 152
1714461276289 9.999999999999816e-06 153
1714461579024 9.999999999999816e-06 154
1714461882993 9.999999999999816e-06 155
1714462190770 9.999999999999816e-06 156
1714462495704 9.999999999999816e-06 157
1714462803218 9.999999999999816e-06 158
1714463106502 9.999999999999816e-06 159
1714463415765 9.999999999999816e-06 160
1714463728743 9.999999999999816e-06 161
1714464031778 9.999999999999816e-06 162
1714464327823 9.999999999999816e-06 163
1714464623239 9.999999999999816e-06 164
1714464915806 9.999999999999816e-06 165
1714465207566 9.999999999999816e-06 166
1714465510712 9.999999999999816e-06 167
1714465807926 9.999999999999816e-06 168
1714466110150 9.999999999999816e-06 169
1714466411257 9.999999999999816e-06 170
1714466710864 9.999999999999816e-06 171
1714467015142 9.999999999999816e-06 172
1714467320558 9.999999999999816e-06 173
1714467627231 9.999999999999816e-06 174
1714467930663 9.999999999999816e-06 175
1714468238307 9.999999999999816e-06 176
1714468543421 9.999999999999816e-06 177
1714468846934 9.999999999999816e-06 178
1714469151715 9.999999999999816e-06 179
1714469458720 9.999999999999816e-06 180
1714469769450 9.999999999999816e-06 181
1714470074583 9.999999999999816e-06 182
1714470379576 9.999999999999816e-06 183
1714470685041 9.999999999999816e-06 184
1714470987383 9.999999999999816e-06 185
1714471294090 9.999999999999816e-06 186
1714471598119 9.999999999999816e-06 187
1714471899705 9.999999999999816e-06 188
1714472200461 9.999999999999816e-06 189
1714472507346 9.999999999999816e-06 190
1714472822434 9.999999999999816e-06 191
1714473122238 9.999999999999816e-06 192
1714473421248 9.999999999999816e-06 193
1714473728587 9.999999999999816e-06 194
1714474026647 9.999999999999816e-06 195
1714474331279 9.999999999999816e-06 196
1714474634922 9.999999999999816e-06 197
1714474949670 9.999999999999816e-06 198
1714475245934 9.999999999999816e-06 199
1714475541203 9.999999999999816e-06 200
1714475833115 9.999999999999816e-06 201
1714476130825 9.999999999999816e-06 202
1714476431064 9.999999999999816e-06 203
1714476729180 9.999999999999816e-06 204
1714477033060 9.999999999999816e-06 205
1714477323365 9.999999999999816e-06 206
1714477616209 9.999999999999816e-06 207
1714477908054 9.999999999999816e-06 208
1714478198744 9.999999999999816e-06 209
1714478489203 9.999999999999816e-06 210
