1714445413940 3.779788727124532 100
1714445725878 3.829277200380961 101
1714446040178 3.8038159154256186 102
1714446350435 3.817562566757202 103
1714446664320 3.819267497062683 104
1714446978502 3.8008887853622437 105
1714447296918 3.822630591392517 106
1714447610006 3.8183764165242513 107
1714447912962 3.8125144176483152 108
1714448215981 3.7961530453364056 109
1714448519128 3.784561506907145 110
1714448814464 3.817055464108785 111
1714449107097 3.795820522626241 112
1714449403627 3.7944612963994344 113
1714449699013 3.7859997777938843 114
1714450002276 3.804989677747091 115
1714450305778 3.7817464790344237 116
1714450605099 3.7961852016448976 117
1714450903764 3.7799061711629234 118
1714451196125 3.7853185227711994 119
1714451488834 3.7886248960494995 120
1714451778701 3.7742649561564128 121
1714452068941 3.764937623023987 122
1714452364678 3.769741135597229 123
1714452659045 3.7759776945114134 124
1714452957910 3.7813582124710083 125
1714453255523 3.7648378505706788 126
1714453553425 3.7769719044367474 127
1714453846397 3.751471394856771 128
1714454143631 3.7896151679356893 129
1714454440798 3.754210481007894 130
1714454740660 3.765059719085693 131
1714455031842 3.7714722887674967 132
1714455330105 3.7603879776000975 133
1714455627671 3.7268857097625734 134
1714455926534 3.7734772860209147 135
1714456225948 3.752969710667928 136
1714456520946 3.7476233285268146 137
1714456816271 3.750190944989522 138
1714457113547 3.7645702063242594 139
1714457405695 3.7403915011088054 140
1714457698174 3.7772871567408246 141
1714457985222 3.7528042764663696 142
1714458275554 3.74028653717041 143
1714458568182 3.748733775774638 144
1714458866983 3.725426505088806 145
1714459166263 3.75497230497996 146
1714459467324 3.7185339860916136 147
1714459769559 3.7199896081288655 148
1714460070224 3.7295941403706867 149
1714460371246 3.724562306404114 150
1714460674626 3.702122287750244 151
1714460976096 3.7462590742111206 152
1714461276342 3.7307817370096843 153
1714461579064 3.7173428290685018 154
1714461883156 3.7049437328974406 155
1714462190798 3.7217460714975994 156
1714462495733 3.715912298520406 157
1714462803372 3.730389993349711 158
1714463106553 3.7017313391367592 159
1714463415815 3.7235877666473387 160
1714463728804 3.7127456369400025 161
1714464031859 3.7107648515701293 162
1714464327880 3.7337420021692913 163
1714464623303 3.7228340167999265 164
1714464915849 3.7251263348261516 165
1714465207628 3.707237220446269 166
1714465510759 3.737822919209798 167
1714465807992 3.7049837773640952 168
1714466110212 3.7289340486526488 169
1714466411340 3.7102721627553303 170
1714466710929 3.70395867951711 171
1714467015204 3.6907395467758177 172
1714467320757 3.711854258219401 173
1714467627264 3.6950675163269042 174
1714467930712 3.7091622098286945 175
1714468238440 3.692116356531779 176
1714468543475 3.702904101371765 177
1714468846983 3.6919524755477906 178
1714469151774 3.704306377092997 179
1714469458777 3.7125334911346437 180
1714469769509 3.6794744272232056 181
1714470074695 3.6998778699239097 182
1714470379645 3.7069577713012696 183
1714470685118 3.706312033335368 184
1714470987442 3.6954107325871783 185
1714471294158 3.69205837504069 186
1714471598514 3.708058616320292 187
1714471899767 3.698403259277344 188
1714472200489 3.6848242966334026 189
1714472507390 3.6911103178660074 190
1714472822514 3.721514741897583 191
1714473122315 3.6668289702733357 192
1714473421317 3.6814846121470133 193
1714473728619 3.697626006126404 194
1714474026715 3.688177656809489 195
1714474331419 3.6692721773783368 196
1714474634984 3.70620494333903 197
1714474949716 3.6727879257202147 198
1714475245985 3.719698247909546 199
1714475541353 3.72298836517334 200
1714475833167 3.6855899012883504 201
1714476130910 3.723081348737081 202
1714476431127 3.6744707692464194 203
1714476729270 3.694498054186503 204
1714477033139 3.6923763478597005 205
1714477323439 3.680560020764669 206
1714477616268 3.710952754656474 207
1714477908105 3.6828670523961384 208
1714478198800 3.7008576310475667 209
1714478489269 3.6946358229319256 210
