1714410528274 0.0 0
1714410828516 1.0 1
1714411127489 2.0 2
1714411421353 3.0 3
1714411712356 4.0 4
1714412009477 5.0 5
1714412294474 6.0 6
1714412584139 7.0 7
1714412878401 8.0 8
1714413169437 9.0 9
1714413460680 10.0 10
1714413757187 11.0 11
1714414049222 12.0 12
1714414343599 13.0 13
1714414635098 14.0 14
1714414922604 15.0 15
1714415214889 16.0 16
1714415508701 17.0 17
1714415801565 18.0 18
1714416088274 19.0 19
1714416375206 20.0 20
1714416665829 21.0 21
1714416958232 22.0 22
1714417250492 23.0 23
1714417535029 24.0 24
1714417827454 25.0 25
1714418117163 26.0 26
1714418405183 27.0 27
1714418690708 28.0 28
1714418983895 29.0 29
1714419274230 30.0 30
1714419566913 31.0 31
1714419854681 32.0 32
1714420145029 33.0 33
1714420434591 34.0 34
1714420724364 35.0 35
1714421012255 36.0 36
1714421297268 37.0 37
1714421585586 38.0 38
1714421871085 39.0 39
1714422159937 40.0 40
1714422449667 41.0 41
1714422739840 42.0 42
1714423027372 43.0 43
1714423317365 44.0 44
1714423611421 45.0 45
1714423899845 46.0 46
1714424186777 47.0 47
1714424474780 48.0 48
1714424757393 49.0 49
1714425046348 50.0 50
1714425335464 51.0 51
1714425622979 52.0 52
1714425913248 53.0 53
1714426201617 54.0 54
1714426490336 55.0 55
1714426775246 56.0 56
1714427067068 57.0 57
1714427357352 58.0 58
1714427650308 59.0 59
1714427935058 60.0 60
1714428227276 61.0 61
1714428517984 62.0 62
1714428807447 63.0 63
1714429097312 64.0 64
1714429385506 65.0 65
1714429674285 66.0 66
1714429964871 67.0 67
1714430252663 68.0 68
1714430537806 69.0 69
1714430833544 70.0 70
1714431126292 71.0 71
1714431418217 72.0 72
1714431703407 73.0 73
1714431990694 74.0 74
1714432283077 75.0 75
1714432574697 76.0 76
1714432864396 77.0 77
1714433148303 78.0 78
1714433438659 79.0 79
1714433730565 80.0 80
1714434021663 81.0 81
1714434308388 82.0 82
1714434595534 83.0 83
1714434886310 84.0 84
1714435175936 85.0 85
1714435466256 86.0 86
1714435753756 87.0 87
1714436040955 88.0 88
1714436331415 89.0 89
1714436626423 90.0 90
1714436912722 91.0 91
1714437203830 92.0 92
1714437488838 93.0 93
1714437778961 94.0 94
1714438065420 95.0 95
1714438363586 96.0 96
1714438665450 97.0 97
1714438961679 98.0 98
1714439259967 99.0 99
