1714410528335 6974308.0 0
1714410828666 6974308.0 1
1714411127527 6974308.0 2
1714411421406 6974308.0 3
1714411712987 6974308.0 4
1714412009875 6974308.0 5
1714412295108 6974308.0 6
1714412584772 6974308.0 7
1714412878540 6974308.0 8
1714413169539 6974308.0 9
1714413461155 6974308.0 10
1714413757760 6974308.0 11
1714414049269 6974308.0 12
1714414343704 6974308.0 13
1714414635264 6974308.0 14
1714414922852 6974308.0 15
1714415215231 6974308.0 16
1714415509229 6974308.0 17
1714415801834 6974308.0 18
1714416088318 6974308.0 19
1714416375274 6974308.0 20
1714416666326 6974308.0 21
1714416958462 6974308.0 22
1714417250535 6974308.0 23
1714417535084 6974308.0 24
1714417827817 6974308.0 25
1714418117752 6974308.0 26
1714418405273 6974308.0 27
1714418691242 6974308.0 28
1714418984071 6974308.0 29
1714419274336 6974308.0 30
1714419567753 6974308.0 31
1714419854750 6974308.0 32
1714420145503 6974308.0 33
1714420435104 6974308.0 34
1714420724545 6974308.0 35
1714421012347 6974308.0 36
1714421297437 6974308.0 37
1714421585789 6974308.0 38
1714421871189 6974308.0 39
1714422160518 6974308.0 40
1714422449793 6974308.0 41
1714422739893 6974308.0 42
1714423027529 6974308.0 43
1714423317487 6974308.0 44
1714423611513 6974308.0 45
1714423900141 6974308.0 46
1714424187514 6974308.0 47
1714424474837 6974308.0 48
1714424757460 6974308.0 49
1714425046473 6974308.0 50
1714425335533 6974308.0 51
1714425623347 6974308.0 52
1714425913348 6974308.0 53
1714426202096 6974308.0 54
1714426490847 6974308.0 55
1714426775559 6974308.0 56
1714427067153 6974308.0 57
1714427357604 6974308.0 58
1714427650762 6974308.0 59
1714427935254 6974308.0 60
1714428227393 6974308.0 61
1714428518109 6974308.0 62
1714428807622 6974308.0 63
1714429097525 6974308.0 64
1714429385617 6974308.0 65
1714429674548 6974308.0 66
1714429965067 6974308.0 67
1714430252734 6974308.0 68
1714430537911 6974308.0 69
1714430833574 6974308.0 70
1714431126822 6974308.0 71
1714431418527 6974308.0 72
1714431703718 6974308.0 73
1714431990844 6974308.0 74
1714432284110 6974308.0 75
1714432574739 6974308.0 76
1714432864617 6974308.0 77
1714433148519 6974308.0 78
1714433439398 6974308.0 79
1714433730593 6974308.0 80
1714434022043 6974308.0 81
1714434308430 6974308.0 82
1714434595884 6974308.0 83
1714434886371 6974308.0 84
1714435176051 6974308.0 85
1714435466783 6974308.0 86
1714435753962 6974308.0 87
1714436041076 6974308.0 88
1714436331837 6974308.0 89
1714436626568 6974308.0 90
1714436912926 6974308.0 91
1714437204023 6974308.0 92
1714437489784 6974308.0 93
1714437779049 6974308.0 94
1714438065451 6974308.0 95
1714438363659 6974308.0 96
1714438665618 6974308.0 97
1714438961951 6974308.0 98
1714439260136 6974308.0 99
