1714410527441 4.623681969324748 0
1714410827904 4.6029776744842525 1
1714411127141 4.581502288182577 2
1714411421068 4.552465398788452 3
1714411709827 4.530207932154338 4
1714412007976 4.497133492787679 5
1714412294052 4.475607932408651 6
1714412583275 4.449732624689738 7
1714412877977 4.422705386479696 8
1714413168480 4.396343575159709 9
1714413459715 4.371412546475728 10
1714413756413 4.355829026222229 11
1714414048670 4.338303397814433 12
1714414343136 4.32146879641215 13
1714414634750 4.295084623336792 14
1714414922110 4.29449866994222 15
1714415214195 4.268300473531087 16
1714415508311 4.259150385856628 17
1714415800228 4.242383550961812 18
1714416087672 4.231165735880534 19
1714416374278 4.223370301246643 20
1714416664305 4.208275549252828 21
1714416957114 4.188731514294942 22
1714417249318 4.18140206082662 23
1714417533679 4.173334960619608 24
1714417826137 4.166545355161031 25
1714418116464 4.152435349782308 26
1714418403931 4.14843841679891 27
1714418690332 4.127035331408183 28
1714418982504 4.145206171989441 29
1714419273808 4.112414340655009 30
1714419566482 4.113271524747213 31
1714419854059 4.1123015419642135 32
1714420144054 4.1022297385533655 33
1714420433163 4.07504204750061 34
1714420723791 4.09508321984609 35
1714421012066 4.076889887491862 36
1714421296126 4.071423851331075 37
1714421584738 4.065876680374146 38
1714421869941 4.0700800358454385 39
1714422158920 4.0474143966039025 40
1714422448714 4.070763298034668 41
1714422739454 4.046015782356262 42
1714423026823 4.033066784858703 43
1714423314786 4.03246823088328 44
1714423609464 4.016698246955872 45
1714423898156 4.030251826286316 46
1714424185366 4.000197432835897 47
1714424473565 3.997033994356791 48
1714424757083 3.9974174156188966 49
1714425045388 3.9887873967488607 50
1714425335025 3.970020345687866 51
1714425621032 3.995940965970357 52
1714425912924 3.9815849714279175 53
1714426200129 3.968771407763163 54
1714426489725 3.9562435391743977 55
1714426774530 3.963699407895406 56
1714427066423 3.955400993347168 57
1714427355964 3.9608402376174925 58
1714427647801 3.9354635852177937 59
1714427934269 3.9480555006663005 60
1714428226435 3.938005083719889 61
1714428517646 3.9308721895217897 62
1714428806548 3.943936301231384 63
1714429096723 3.9365284976959227 64
1714429385161 3.9327354475657144 65
1714429673641 3.9162756163279218 66
1714429963713 3.933420165379842 67
1714430251483 3.9057908283869427 68
1714430537247 3.91945400651296 69
1714430833132 3.9028995796839396 70
1714431125125 3.8947057078679403 71
1714431415199 3.8815603742599487 72
1714431701849 3.89415708955129 73
1714431989929 3.8786669483184815 74
1714432282219 3.885043100674947 75
1714432573995 3.866850609779358 76
1714432864166 3.876337295214335 77
1714433147441 3.865854928970337 78
1714433437148 3.8703111057281494 79
1714433729046 3.877483399391174 80
1714434020698 3.847103946685791 81
1714434308105 3.861518435796102 82
1714434594284 3.86544335714976 83
1714434885490 3.8601508553822836 84
1714435174641 3.849639828681946 85
1714435465848 3.846396798769633 86
1714435752388 3.8593340253829957 87
1714436040216 3.8468591782251993 88
1714436329737 3.8327119035720827 89
1714436624892 3.836836492538452 90
1714436911852 3.859711895306905 91
1714437203605 3.813490452448527 92
1714437487887 3.8241964060465494 93
1714437778671 3.8341857131322223 94
1714438065321 3.8301639448801676 95
1714438362865 3.811453595161438 96
1714438664716 3.8416573400497436 97
1714438961086 3.8111913433074953 98
1714439259567 3.8405140062967935 99
