1714410527382 1.0000000000000156e-06 0
1714410827813 1.0000000000000156e-06 1
1714411127114 1.330000000000014e-05 2
1714411421033 2.5600000000000334e-05 3
1714411709793 3.790000000000037e-05 4
1714412007894 5.020000000000021e-05 5
1714412294014 6.217681894062134e-05 6
1714412583240 6.203504033162873e-05 7
1714412877947 6.186781500089286e-05 8
1714413167651 6.167530797962563e-05 9
1714413459672 6.14577092490209e-05 10
1714413755949 6.121523355274813e-05 11
1714414048641 6.094812018504773e-05 12
1714414342746 6.065663275456561e-05 13
1714414634716 6.03410589242043e-05 14
1714414922069 6.000171012723231e-05 15
1714415214165 5.96389212599442e-05 16
1714415508143 5.9253050351151e-05 17
1714415800086 5.8844478208854346e-05 18
1714416087622 5.841360804442756e-05 19
1714416374232 5.796086507470717e-05 20
1714416663662 5.7486696102342826e-05 21
1714416956662 5.6991569074862425e-05 22
1714417249222 5.647597262286447e-05 23
1714417533597 5.594041557779889e-05 24
1714417826108 5.5385426469811504e-05 25
1714418116430 5.481155300614717e-05 26
1714418403894 5.42193615306281e-05 27
1714418690271 5.360943646474511e-05 28
1714418982464 5.298237973090375e-05 29
1714419273755 5.233881015839075e-05 30
1714419566430 5.1679362872677406e-05 31
1714419854024 5.100468866861821e-05 32
1714420143939 5.031545336819914e-05 33
1714420433128 4.961233716344741e-05 34
1714420723760 4.8896033945169945e-05 35
1714421012019 4.816725061816287e-05 36
1714421296070 4.742670640358392e-05 37
1714421584683 4.667513212916242e-05 38
1714421869856 4.591326950797304e-05 39
1714422158892 4.51418704064393e-05 40
1714422448391 4.436169610234219e-05 41
1714422739396 4.357351653352942e-05 42
1714423026737 4.277810953807707e-05 43
1714423314726 4.197626008665961e-05 44
1714423609228 4.116875950787463e-05 45
1714423898067 4.035640470730679e-05 46
1714424185300 3.953999738106222e-05 47
1714424473469 3.8720343224610966e-05 48
1714424757012 3.789825113764415e-05 49
1714425045351 3.7074532425800345e-05 50
1714425334920 3.6250000000000576e-05 51
1714425620958 3.542546757419942e-05 52
1714425912633 3.4601748862355986e-05 53
1714426200034 3.377965677538874e-05 54
1714426489575 3.29600026189373e-05 55
1714426774473 3.214359529269438e-05 56
1714427066390 3.1331240492125016e-05 57
1714427355893 3.052373991334027e-05 58
1714427647718 2.9721890461922798e-05 59
1714427934218 2.892648346647028e-05 60
1714428226394 2.8138303897657524e-05 61
1714428517616 2.735812959356098e-05 62
1714428806484 2.658673049202688e-05 63
1714429096629 2.5824867870837057e-05 64
1714429385073 2.507329359641704e-05 65
1714429673608 2.4332749381836573e-05 66
1714429963628 2.3603966054830296e-05 67
1714430251453 2.2887662836552524e-05 68
1714430537193 2.2184546631801574e-05 69
1714430833066 2.1495311331381926e-05 70
1714431125055 2.0820637127322635e-05 71
1714431415066 2.016118984160923e-05 72
1714431701770 1.9517620269096735e-05 73
1714431989860 1.8890563535253876e-05 74
1714432282158 1.8280638469371856e-05 75
1714432573954 1.768844699385335e-05 76
1714432864005 1.7114573530187747e-05 77
1714433147384 1.6559584422200512e-05 78
1714433437117 1.6024027377135316e-05 79
1714433728782 1.5508430925138334e-05 80
1714434020664 1.5013303897657771e-05 81
1714434307996 1.4539134925292492e-05 82
1714434594226 1.4086391955572123e-05 83
1714434885456 1.3655521791146353e-05 84
1714435174593 1.3246949648848746e-05 85
1714435465813 1.2861078740055438e-05 86
1714435752335 1.2498289872767104e-05 87
1714436040166 1.2158941075795414e-05 88
1714436329688 1.184336724543352e-05 89
1714436624688 1.1551879814951476e-05 90
1714436911775 1.1284766447252235e-05 91
1714437203576 1.104229075098008e-05 92
1714437487856 1.0824692020373522e-05 93
1714437778602 1.0632184999107998e-05 94
1714438065287 1.0464959668371815e-05 95
1714438362823 1.0323181059377802e-05 96
1714438664500 1.0206989090494868e-05 97
1714438961022 1.011649842916936e-05 98
1714439259501 1.0051798378757759e-05 99
