1714299410501 10.0 10
1714299713115 11.0 11
1714300015903 12.0 12
1714300319788 13.0 13
1714300622594 14.0 14
1714300925971 15.0 15
1714301226948 16.0 16
1714301532976 17.0 17
1714301834161 18.0 18
1714302135034 19.0 19
1714302433482 20.0 20
1714302735457 21.0 21
1714303047689 22.0 22
1714303361654 23.0 23
1714303671168 24.0 24
1714303977009 25.0 25
1714304283236 26.0 26
1714304591835 27.0 27
1714304893738 28.0 28
1714305198706 29.0 29
1714305507024 30.0 30
1714305822674 31.0 31
1714306139451 32.0 32
1714306459977 33.0 33
1714306779767 34.0 34
1714307095284 35.0 35
1714307416997 36.0 36
1714307731827 37.0 37
1714308059278 38.0 38
1714308383608 39.0 39
1714308704976 40.0 40
1714309025150 41.0 41
1714309344608 42.0 42
1714309664535 43.0 43
1714309983582 44.0 44
1714310304493 45.0 45
1714310623504 46.0 46
1714310953429 47.0 47
1714311275148 48.0 48
1714311602402 49.0 49
1714311922669 50.0 50
1714312238734 51.0 51
1714312553494 52.0 52
1714312880502 53.0 53
1714313197276 54.0 54
1714313503317 55.0 55
1714313853163 56.0 56
1714314254127 57.0 57
1714314646426 58.0 58
1714315056228 59.0 59
1714315463011 60.0 60
1714315873336 61.0 61
1714316277618 62.0 62
1714316676579 63.0 63
1714317076261 64.0 64
1714317484406 65.0 65
1714317895845 66.0 66
1714318303741 67.0 67
1714318716689 68.0 68
1714319117616 69.0 69
1714319519710 70.0 70
1714319909623 71.0 71
1714320274513 72.0 72
1714320646333 73.0 73
1714321022275 74.0 74
1714321431329 75.0 75
1714321809079 76.0 76
1714322184800 77.0 77
1714322559826 78.0 78
1714322914873 79.0 79
1714323231995 80.0 80
1714323546905 81.0 81
1714323863067 82.0 82
1714324186381 83.0 83
1714324516377 84.0 84
1714324842817 85.0 85
1714325158145 86.0 86
1714325471651 87.0 87
1714325794534 88.0 88
1714326111182 89.0 89
1714326423459 90.0 90
1714326730475 91.0 91
1714327034265 92.0 92
1714327329800 93.0 93
1714327622822 94.0 94
1714327914265 95.0 95
1714328203659 96.0 96
1714328496624 97.0 97
1714328785274 98.0 98
1714329072738 99.0 99
1714329365104 100.0 100
1714329652131 101.0 101
1714329944480 102.0 102
1714330233694 103.0 103
1714330525853 104.0 104
1714330819927 105.0 105
1714331110291 106.0 106
1714331402621 107.0 107
1714331696698 108.0 108
1714331992107 109.0 109
1714332285467 110.0 110
1714332576374 111.0 111
1714332863561 112.0 112
1714333153052 113.0 113
1714333441957 114.0 114
1714333731619 115.0 115
1714334025899 116.0 116
1714334311753 117.0 117
1714334597493 118.0 118
1714334885220 119.0 119
1714335175841 120.0 120
1714335466743 121.0 121
1714335753961 122.0 122
1714336042314 123.0 123
1714336331570 124.0 124
1714336621118 125.0 125
1714336910032 126.0 126
1714337204549 127.0 127
1714337490340 128.0 128
1714337782591 129.0 129
1714338071869 130.0 130
1714338364940 131.0 131
1714338652741 132.0 132
1714338942568 133.0 133
1714339234062 134.0 134
1714339520548 135.0 135
1714339810213 136.0 136
1714340102842 137.0 137
1714340395019 138.0 138
1714340681774 139.0 139
1714340972853 140.0 140
1714341262080 141.0 141
1714341556202 142.0 142
1714341847627 143.0 143
1714342136623 144.0 144
1714342426818 145.0 145
1714342719047 146.0 146
1714343007686 147.0 147
1714343297759 148.0 148
1714343585835 149.0 149
1714343877995 150.0 150
1714344167883 151.0 151
1714344455764 152.0 152
1714344751622 153.0 153
1714345038534 154.0 154
1714345327667 155.0 155
1714345614524 156.0 156
1714345906000 157.0 157
1714346195275 158.0 158
1714346487271 159.0 159
1714346781112 160.0 160
1714347070589 161.0 161
1714347360990 162.0 162
1714347651918 163.0 163
1714347940582 164.0 164
1714348227453 165.0 165
1714348516067 166.0 166
1714348809676 167.0 167
1714349098594 168.0 168
1714349391819 169.0 169
1714349679399 170.0 170
1714349967449 171.0 171
1714350253751 172.0 172
1714350544182 173.0 173
1714350832598 174.0 174
1714351118130 175.0 175
1714351404415 176.0 176
1714351694226 177.0 177
1714351981813 178.0 178
1714352267856 179.0 179
1714352557148 180.0 180
1714352853571 181.0 181
1714353183215 182.0 182
1714353516201 183.0 183
1714353845044 184.0 184
1714354142767 185.0 185
1714354507244 186.0 186
1714354852859 187.0 187
1714355162672 188.0 188
1714355472039 189.0 189
1714355780738 190.0 190
1714356090284 191.0 191
1714356400124 192.0 192
1714356709765 193.0 193
