1714299410720 7148008.0 10
1714299713265 7148008.0 11
1714300016000 7148008.0 12
1714300319961 7148008.0 13
1714300622640 7148008.0 14
1714300926086 7148008.0 15
1714301226998 7148008.0 16
1714301533222 7148008.0 17
1714301834341 7148008.0 18
1714302135096 7148008.0 19
1714302433767 7148008.0 20
1714302735507 7148008.0 21
1714303047761 7148008.0 22
1714303361716 7148008.0 23
1714303671216 7148008.0 24
1714303977073 7148008.0 25
1714304283280 7148008.0 26
1714304591949 7148008.0 27
1714304893822 7148008.0 28
1714305198745 7148008.0 29
1714305507101 7148008.0 30
1714305822749 7148008.0 31
1714306139525 7148008.0 32
1714306460021 7148008.0 33
1714306779823 7148008.0 34
1714307095328 7148008.0 35
1714307417076 7148008.0 36
1714307732008 7148008.0 37
1714308059318 7148008.0 38
1714308383673 7148008.0 39
1714308705050 7148008.0 40
1714309025214 7148008.0 41
1714309344668 7148008.0 42
1714309664602 7148008.0 43
1714309983633 7148008.0 44
1714310304547 7148008.0 45
1714310623564 7148008.0 46
1714310953470 7148008.0 47
1714311275225 7148008.0 48
1714311602460 7148008.0 49
1714311922716 7148008.0 50
1714312238803 7148008.0 51
1714312553551 7148008.0 52
1714312880601 7148008.0 53
1714313197334 7148008.0 54
1714313503353 7148008.0 55
1714313853207 7148008.0 56
1714314254168 7148008.0 57
1714314646472 7148008.0 58
1714315056270 7148008.0 59
1714315463046 7148008.0 60
1714315873380 7148008.0 61
1714316277661 7148008.0 62
1714316676619 7148008.0 63
1714317076311 7148008.0 64
1714317484450 7148008.0 65
1714317895890 7148008.0 66
1714318303784 7148008.0 67
1714318716732 7148008.0 68
1714319117662 7148008.0 69
1714319519750 7148008.0 70
1714319909680 7148008.0 71
1714320274557 7148008.0 72
1714320646381 7148008.0 73
1714321022322 7148008.0 74
1714321431375 7148008.0 75
1714321809118 7148008.0 76
1714322184839 7148008.0 77
1714322559877 7148008.0 78
1714322914938 7148008.0 79
1714323232117 7148008.0 80
1714323546983 7148008.0 81
1714323863133 7148008.0 82
1714324186433 7148008.0 83
1714324516442 7148008.0 84
1714324842876 7148008.0 85
1714325158235 7148008.0 86
1714325471723 7148008.0 87
1714325794645 7148008.0 88
1714326111279 7148008.0 89
1714326423539 7148008.0 90
1714326730527 7148008.0 91
1714327034420 7148008.0 92
1714327329847 7148008.0 93
1714327623014 7148008.0 94
1714327914365 7148008.0 95
1714328203724 7148008.0 96
1714328496736 7148008.0 97
1714328785684 7148008.0 98
1714329072847 7148008.0 99
1714329365145 7148008.0 100
1714329652286 7148008.0 101
1714329944891 7148008.0 102
1714330233746 7148008.0 103
1714330525943 7148008.0 104
1714330820347 7148008.0 105
1714331110434 7148008.0 106
1714331402688 7148008.0 107
1714331696966 7148008.0 108
1714331992307 7148008.0 109
1714332285524 7148008.0 110
1714332576680 7148008.0 111
1714332863615 7148008.0 112
1714333153260 7148008.0 113
1714333442210 7148008.0 114
1714333731882 7148008.0 115
1714334025998 7148008.0 116
1714334311807 7148008.0 117
1714334597548 7148008.0 118
1714334885382 7148008.0 119
1714335175900 7148008.0 120
1714335466904 7148008.0 121
1714335754074 7148008.0 122
1714336042440 7148008.0 123
1714336331648 7148008.0 124
1714336621466 7148008.0 125
1714336910345 7148008.0 126
1714337204648 7148008.0 127
1714337490523 7148008.0 128
1714337782655 7148008.0 129
1714338071929 7148008.0 130
1714338365139 7148008.0 131
1714338652836 7148008.0 132
1714338942618 7148008.0 133
1714339234117 7148008.0 134
1714339520762 7148008.0 135
1714339810273 7148008.0 136
1714340102946 7148008.0 137
1714340395195 7148008.0 138
1714340682165 7148008.0 139
1714340972930 7148008.0 140
1714341262257 7148008.0 141
1714341556286 7148008.0 142
1714341847723 7148008.0 143
1714342136674 7148008.0 144
1714342426873 7148008.0 145
1714342719100 7148008.0 146
1714343007966 7148008.0 147
1714343297813 7148008.0 148
1714343586189 7148008.0 149
1714343878035 7148008.0 150
1714344168169 7148008.0 151
1714344455914 7148008.0 152
1714344751814 7148008.0 153
1714345038719 7148008.0 154
1714345327756 7148008.0 155
1714345614645 7148008.0 156
1714345906446 7148008.0 157
1714346195589 7148008.0 158
1714346487465 7148008.0 159
1714346781365 7148008.0 160
1714347070700 7148008.0 161
1714347361050 7148008.0 162
1714347652069 7148008.0 163
1714347940640 7148008.0 164
1714348227550 7148008.0 165
1714348516314 7148008.0 166
1714348809719 7148008.0 167
1714349098885 7148008.0 168
1714349391909 7148008.0 169
1714349679663 7148008.0 170
1714349967559 7148008.0 171
1714350253840 7148008.0 172
1714350544240 7148008.0 173
1714350832951 7148008.0 174
1714351118471 7148008.0 175
1714351404594 7148008.0 176
1714351694496 7148008.0 177
1714351982045 7148008.0 178
1714352268030 7148008.0 179
1714352557312 7148008.0 180
1714352853605 7148008.0 181
1714353183292 7148008.0 182
1714353516245 7148008.0 183
1714353845158 7148008.0 184
1714354142894 7148008.0 185
1714354507286 7148008.0 186
1714354853044 7148008.0 187
1714355162743 7148008.0 188
1714355472126 7148008.0 189
1714355780812 7148008.0 190
1714356090388 7148008.0 191
1714356400168 7148008.0 192
1714356709859 7148008.0 193
