1714299409774 6.23561997534166e-05 10
1714299712689 6.23561997534166e-05 11
1714300015513 6.232603509701011e-05 12
1714300319227 6.229301090950554e-05 13
1714300621847 6.2257130812376e-05 14
1714300925543 6.22183987402792e-05 15
1714301225893 6.217681894062134e-05 16
1714301531143 6.213239597310097e-05 17
1714301833422 6.208513470919208e-05 18
1714302134586 6.203504033162873e-05 19
1714302432478 6.198211833381935e-05 20
1714302734833 6.192637451926189e-05 21
1714303047422 6.186781500089286e-05 22
1714303361337 6.180644620042097e-05 23
1714303670869 6.174227484762747e-05 24
1714303976557 6.167530797962563e-05 25
1714304282936 6.16055529400887e-05 26
1714304591451 6.153301737843923e-05 27
1714304893300 6.14577092490209e-05 28
1714305198415 6.137963681021611e-05 29
1714305506479 6.129880862355181e-05 30
1714305822282 6.121523355274813e-05 31
1714306139064 6.112892076275138e-05 32
1714306459749 6.103987971873416e-05 33
1714306779342 6.094812018504773e-05 34
1714307094988 6.0853652224162714e-05 35
1714307416513 6.075648619555122e-05 36
1714307731362 6.065663275456561e-05 37
1714308058993 6.0554102851261867e-05 38
1714308383102 6.0448907729197385e-05 39
1714308704630 6.03410589242043e-05 40
1714309024802 6.0230568263118484e-05 41
1714309344179 6.011744786248629e-05 42
1714309664195 6.000171012723231e-05 43
1714309983288 5.988336774930701e-05 44
1714310304181 5.976243370628421e-05 45
1714310623251 5.96389212599442e-05 46
1714310953162 5.951284395481991e-05 47
1714311274809 5.9384215616707044e-05 48
1714311602086 5.9253050351151e-05 49
1714311922445 5.9119362541904566e-05 50
1714312238408 5.898316684934087e-05 51
1714312553187 5.8844478208854346e-05 52
1714312880152 5.8703311829213564e-05 53
1714313196840 5.855968319090583e-05 54
1714313503062 5.841360804442756e-05 55
1714313852903 5.826510240856763e-05 56
1714314253920 5.8114182568639344e-05 57
1714314646211 5.796086507470717e-05 58
1714315056016 5.7805166739759945e-05 59
1714315462817 5.764710463787519e-05 60
1714315873126 5.7486696102342826e-05 61
1714316277411 5.7323958723765686e-05 62
1714316676373 5.715891034813432e-05 63
1714317076022 5.6991569074862425e-05 64
1714317484185 5.682195325480256e-05 65
1714317895605 5.665008148824512e-05 66
1714318303538 5.647597262286447e-05 67
1714318716459 5.6299645751658774e-05 68
1714319117381 5.612112021085893e-05 69
1714319519424 5.594041557779889e-05 70
1714319909365 5.575755166878162e-05 71
1714320274286 5.557254853689322e-05 72
1714320646053 5.5385426469811504e-05 73
1714321022037 5.51962059875817e-05 74
1714321431091 5.5004907840362114e-05 75
1714321808878 5.481155300614717e-05 76
1714322184585 5.4616162688474854e-05 77
1714322559548 5.4418758314098905e-05 78
1714322914549 5.42193615306281e-05 79
1714323231566 5.4017994204169405e-05 80
1714323546522 5.381467841691962e-05 81
1714323862695 5.360943646474511e-05 82
1714324186031 5.3402290854739796e-05 83
1714324516000 5.319326430275333e-05 84
1714324842367 5.298237973090375e-05 85
1714325157551 5.276966026505885e-05 86
1714325471269 5.255512923230592e-05 87
1714325794146 5.233881015839075e-05 88
1714326110777 5.212072676513703e-05 89
1714326423162 5.190090296784702e-05 90
1714326730169 5.1679362872677406e-05 91
1714327033515 5.14561307739947e-05 92
1714327329010 5.1231231151715334e-05 93
1714327621619 5.100468866861821e-05 94
1714327913628 5.077652816763718e-05 95
1714328202821 5.0546774669144526e-05 96
1714328495237 5.031545336819914e-05 97
1714328784670 5.008258963178775e-05 98
1714329072403 4.984820899604495e-05 99
1714329364721 4.961233716344741e-05 100
1714329651615 4.937500000000009e-05 101
1714329943725 4.913622353239843e-05 102
1714330233313 4.8896033945169945e-05 103
1714330525311 4.865445757781185e-05 104
1714330818527 4.841152092189649e-05 105
1714331109255 4.816725061816287e-05 106
1714331402164 4.7921673453604715e-05 107
1714331696106 4.767481635852392e-05 108
1714331991589 4.742670640358392e-05 109
1714332284699 4.717737079683563e-05 110
1714332575770 4.692683688074038e-05 111
1714332862987 4.667513212916242e-05 112
1714333152307 4.6422284144367646e-05 113
1714333441361 4.6168320653984724e-05 114
1714333730758 4.591326950797304e-05 115
1714334025102 4.5657158675563506e-05 116
1714334310962 4.540001624219687e-05 117
1714334597051 4.51418704064393e-05 118
1714334884548 4.488274947688713e-05 119
1714335175476 4.462268186907376e-05 120
1714335465250 4.436169610234219e-05 121
1714335753103 4.409982079672175e-05 122
1714336041742 4.3837084669792635e-05 123
1714336330690 4.357351653352942e-05 124
1714336620074 4.3309145291151595e-05 125
1714336909279 4.304399993394081e-05 126
1714337203919 4.277810953807707e-05 127
1714337489802 4.251150326143791e-05 128
1714337781746 4.224421034040502e-05 129
1714338070963 4.197626008665961e-05 130
1714338364111 4.170768188396703e-05 131
1714338651947 4.143850518495153e-05 132
1714338941657 4.116875950787463e-05 133
1714339233333 4.089847443338937e-05 134
1714339519800 4.0627679601297454e-05 135
1714339809323 4.035640470730679e-05 136
1714340102280 4.008467949976389e-05 137
1714340394113 3.981253377640099e-05 138
1714340681061 3.953999738106222e-05 139
1714340971949 3.926710020043748e-05 140
1714341261324 3.899387216077543e-05 141
1714341555857 3.8720343224610966e-05 142
1714341846787 3.844654338747398e-05 143
1714342135950 3.8172502674600085e-05 144
1714342426299 3.789825113764415e-05 145
1714342717903 3.762381885137688e-05 146
1714343007214 3.7349235910391134e-05 147
1714343297269 3.7074532425800345e-05 148
1714343585184 3.679973852193842e-05 149
1714343877530 3.652488433305102e-05 150
1714344167287 3.6250000000000576e-05 151
1714344454627 3.597511566694878e-05 152
1714344750381 3.5700261478061304e-05 153
1714345038001 3.542546757419942e-05 154
1714345327048 3.515076408960869e-05 155
1714345613649 3.487618114862328e-05 156
1714345905040 3.4601748862355986e-05 157
1714346194229 3.4327497325400065e-05 158
1714346486451 3.4053456612527195e-05 159
1714346780484 3.377965677538874e-05 160
1714347069883 3.350612783922437e-05 161
1714347359978 3.3232899799562336e-05 162
1714347651536 3.29600026189373e-05 163
1714347939372 3.268746622359901e-05 164
1714348226322 3.2415320500237265e-05 165
1714348514818 3.214359529269438e-05 166
1714348808697 3.187232039870264e-05 167
1714349097765 3.1601525566610493e-05 168
1714349391228 3.1331240492125016e-05 169
1714349678342 3.106149481504805e-05 170
1714349966242 3.079231811603412e-05 171
1714350253233 3.052373991334027e-05 172
1714350543709 3.0255789659594818e-05 173
1714350831659 2.9988496738561876e-05 174
1714351117526 2.9721890461922798e-05 175
1714351404061 2.9456000066058887e-05 176
1714351693509 2.9190854708849523e-05 177
1714351980913 2.892648346647028e-05 178
1714352267107 2.8662915330207396e-05 179
1714352556399 2.840017920327824e-05 180
1714352853330 2.8138303897657524e-05 181
1714353182826 2.787731813092587e-05 182
1714353515858 2.7617250523112245e-05 183
1714353844679 2.735812959356098e-05 184
1714354142043 2.7099983757802487e-05 185
1714354507076 2.684284132443609e-05 186
1714354851978 2.658673049202688e-05 187
1714355162071 2.6331679346014775e-05 188
1714355471466 2.6077715855632192e-05 189
1714355780285 2.5824867870837057e-05 190
1714356089933 2.5573163119260033e-05 191
1714356399641 2.5322629203164383e-05 192
1714356709089 2.507329359641704e-05 193
