1714299409927 4.855224941253662 10
1714299712792 4.831092610677083 11
1714300015587 4.804597807566325 12
1714300319264 4.788528717676798 13
1714300621944 4.776501168568929 14
1714300925635 4.737444944381714 15
1714301226041 4.727509729385376 16
1714301531476 4.70901665242513 17
1714301833505 4.6838188610076905 18
1714302134824 4.655993829727173 19
1714302432564 4.655188662846883 20
1714302734906 4.6548948465983075 21
1714303047474 4.631977222442627 22
1714303361392 4.61742495282491 23
1714303670914 4.601552116394043 24
1714303976653 4.5939553947448735 25
1714304283006 4.567330842336019 26
1714304591527 4.5654956868489585 27
1714304893379 4.546817704200745 28
1714305198470 4.549984261830648 29
1714305506539 4.531811382929484 30
1714305822385 4.520050034523011 31
1714306139160 4.501662879308065 32
1714306459812 4.4977338466644285 33
1714306779480 4.501513544400533 34
1714307095043 4.491669986724854 35
1714307416590 4.469435953140259 36
1714307731545 4.477873336474101 37
1714308059057 4.441455382029216 38
1714308383180 4.462295825640361 39
1714308704733 4.439623229344686 40
1714309024875 4.429994450251262 41
1714309344254 4.4334610141118365 42
1714309664263 4.4184911212921145 43
1714309983342 4.386525208791097 44
1714310304253 4.417507786432902 45
1714310623285 4.3960203256607056 46
1714310953193 4.380661500295004 47
1714311274866 4.37132966709137 48
1714311602144 4.374769377072652 49
1714311922511 4.355680988311768 50
1714312238463 4.377852661450704 51
1714312553260 4.363675671577454 52
1714312880211 4.340832870165507 53
1714313196903 4.3385197006861365 54
1714313503129 4.317683731396993 55
1714313852971 4.331406364758809 56
1714314253964 4.290790671666463 57
1714314646254 4.293781848271688 58
1714315056064 4.290815521876017 59
1714315462856 4.283257036209107 60
1714315873169 4.256094508171081 61
1714316277455 4.290124894142151 62
1714316676415 4.257083962122599 63
1714317076075 4.246905531247457 64
1714317484236 4.238137116750082 65
1714317895651 4.245228379567465 66
1714318303577 4.235269004821777 67
1714318716514 4.2503270285924275 68
1714319117429 4.209639121691386 69
1714319519515 4.220777626991272 70
1714319909411 4.220082861582438 71
1714320274328 4.207485524813334 72
1714320646113 4.212695000648498 73
1714321022080 4.191349986076355 74
1714321431142 4.200175711631775 75
1714321808918 4.176059759457906 76
1714322184630 4.192876584370931 77
1714322559604 4.153294712066651 78
1714322914611 4.177255748430888 79
1714323231629 4.154400792121887 80
1714323546579 4.138429693539937 81
1714323862753 4.12454206085205 82
1714324186096 4.141049036979675 83
1714324516059 4.115461526870727 84
1714324842462 4.122997890154521 85
1714325157612 4.103510484059652 86
1714325471320 4.09174312877655 87
1714325794186 4.0859728609720865 88
1714326110845 4.102438832600911 89
1714326423225 4.10163234869639 90
1714326730227 4.062721009254456 91
1714327033571 4.06874469089508 92
1714327329252 4.0700875129699705 93
1714327621670 4.078834836324056 94
1714327913717 4.06235311349233 95
1714328202895 4.055212542851766 96
1714328495524 4.062382187525431 97
1714328784776 4.04921954313914 98
1714329072444 4.0295688330332435 99
1714329364861 4.030274709065755 100
1714329651677 4.056226157506307 101
1714329943774 4.003668265024821 102
1714330233410 4.010793382962545 103
1714330525387 4.026801224390666 104
1714330818746 4.0005133336385095 105
1714331109324 3.977956416130066 106
1714331402244 4.016074989318848 107
1714331696169 3.9719237696329754 108
1714331991647 4.0145686966578165 109
1714332284844 4.014933224042257 110
1714332575832 3.958027098973592 111
1714332863054 4.0099308970769245 112
1714333152431 3.946861296971639 113
1714333441420 3.9660690120061237 114
1714333730815 3.9603409576416015 115
1714334025209 3.943104926745097 116
1714334311100 3.971346304575602 117
1714334597108 3.9290727904637657 118
1714334884617 3.9575187975565593 119
1714335175563 3.949281841278076 120
1714335465329 3.9471842889785766 121
1714335753155 3.9558603909810386 122
1714336041806 3.9321600443522136 123
1714336330753 3.9100746892293294 124
1714336620151 3.9049869445164997 125
1714336909335 3.906809180577596 126
1714337203997 3.911332820256551 127
1714337489864 3.8914269618988038 128
1714337781802 3.9103309462865194 129
1714338071029 3.875820514678955 130
1714338364262 3.886073723157247 131
1714338652161 3.8662070093154908 132
1714338941714 3.8537009394963584 133
1714339233392 3.8750360027949013 134
1714339519855 3.8991126403808596 135
1714339809377 3.867908574104309 136
1714340102330 3.856997084617615 137
1714340394194 3.8647674058278403 138
1714340681113 3.858052160580953 139
1714340972023 3.8357215480804445 140
1714341261377 3.869397095680237 141
1714341555943 3.855225905418396 142
1714341846846 3.835689693768819 143
1714342136014 3.8108046344121296 144
1714342426356 3.85959196917216 145
1714342717999 3.8127593835194906 146
1714343007283 3.8319055910110476 147
1714343297333 3.8038370275497435 148
1714343585225 3.79825812403361 149
1714343877579 3.8058087600072223 150
1714344167333 3.810471282641093 151
1714344454724 3.8057374515533446 152
1714344750541 3.8246446234385174 153
1714345038058 3.7826183532079063 154
1714345327126 3.7853083906173706 155
1714345613709 3.774554102261861 156
1714345905107 3.783880647977193 157
1714346194281 3.7883610051472982 158
1714346486556 3.782703952471415 159
1714346780533 3.7788930292129517 160
1714347069923 3.7605462312698363 161
1714347360129 3.7986149628957113 162
1714347651571 3.77366268380483 163
1714347939533 3.767758551915487 164
1714348226371 3.7749977299372355 165
1714348514984 3.7659161297480264 166
1714348808843 3.7661131871541342 167
1714349097815 3.7486238889694214 168
1714349391415 3.730994134902954 169
1714349678420 3.7672773634592693 170
1714349966287 3.7623294467926027 171
1714350253306 3.753727012634277 172
1714350543797 3.7092740926742556 173
1714350831729 3.729031933784485 174
1714351117569 3.711195939381917 175
1714351404111 3.737470238049825 176
1714351693600 3.7276329075495402 177
1714351980979 3.7204865185419718 178
1714352267170 3.7362693382898966 179
1714352556457 3.708956740061442 180
1714352853386 3.7055441617965696 181
1714353182893 3.690560718536377 182
1714353515925 3.727993358929952 183
1714353844739 3.678086808522542 184
1714354142113 3.662999260584513 185
1714354507108 3.687901705423991 186
1714354852262 3.731378239949544 187
1714355162144 3.6798610877990723 188
1714355471523 3.675799970626831 189
1714355780341 3.7064450413386028 190
1714356090000 3.694406122525533 191
1714356399690 3.677457394917806 192
1714356709138 3.6735364888509117 193
